1725215139881 0.8722703456878662 0
1725215158042 1.943402886390686 1
1725215175807 0.8066376447677612 2
1725215193838 1.0980194807052612 3
1725215211765 0.8974554538726807 4
1725215230534 0.752709686756134 5
1725215248106 0.7608063220977783 6
1725215265878 0.7438867092132568 7
1725215284296 0.7245316505432129 8
1725215302043 0.718744158744812 9
1725215320430 0.7034105062484741 10
1725215338108 0.6923945546150208 11
1725215355892 0.7077099084854126 12
1725215373338 0.7001241445541382 13
1725215390653 0.6968833208084106 14
1725215408641 0.6901342272758484 15
1725215427205 0.6779451370239258 16
1725215448345 0.651417076587677 17
1725215471975 0.6283162832260132 18
1725215489535 0.6097413301467896 19
1725215507259 0.5825361013412476 20
1725215524530 0.5602263808250427 21
1725215541871 0.5350999236106873 22
1725215560482 0.5986552238464355 23
1725215581228 0.5822010040283203 24
1725215602374 0.5284372568130493 25
1725215620432 0.5828176736831665 26
1725215639687 0.49355000257492065 27
1725215658665 0.5438511371612549 28
1725215676626 0.41122543811798096 29
1725215698139 0.40994858741760254 30
1725215717846 0.40782979130744934 31
1725215738372 0.38381627202033997 32
1725215756311 0.3101212978363037 33
1725215775253 0.42319583892822266 34
1725215793222 0.47597187757492065 35
1725215811272 0.4110904932022095 36
1725215830339 0.40865641832351685 37
1725215851034 0.3339211344718933 38
1725215871079 0.36711210012435913 39
1725215889566 0.43466174602508545 40
1725215908562 0.36817941069602966 41
1725215926157 0.2970621585845947 42
1725215944665 0.28853097558021545 43
1725215973084 0.2644301652908325 44
1725216002239 0.3167562484741211 45
1725216032429 0.38100892305374146 46
1725216063809 0.6380322575569153 47
1725216093879 0.6921117305755615 48
1725216123947 0.6098660230636597 49
1725216154565 0.42086517810821533 50
1725216185471 0.45273149013519287 51
1725216215534 0.4494020938873291 52
