1725215139881 17.803049087524414 0
1725215158042 14.660009384155273 1
1725215175807 14.470982551574707 2
1725215193838 12.837108612060547 3
1725215211765 11.686103820800781 4
1725215230534 9.8663330078125 5
1725215248106 8.826375007629395 6
1725215265878 10.981843948364258 7
1725215284296 9.455032348632812 8
1725215302043 8.060504913330078 9
1725215320430 8.323533058166504 10
1725215338108 8.722638130187988 11
1725215355892 7.76374626159668 12
1725215373338 7.665549278259277 13
1725215390653 8.544326782226562 14
1725215408641 8.595943450927734 15
1725215427205 10.650257110595703 16
1725215448345 8.827259063720703 17
1725215471975 8.807561874389648 18
1725215489535 8.127045631408691 19
1725215507259 8.686694145202637 20
1725215524530 8.076506614685059 21
1725215541871 7.633954048156738 22
1725215560482 7.399879455566406 23
1725215581228 8.934714317321777 24
1725215602374 7.388721466064453 25
1725215620432 8.389459609985352 26
1725215639687 7.532407283782959 27
1725215658665 7.379445552825928 28
1725215676626 7.531416416168213 29
1725215698139 7.890262603759766 30
1725215717846 7.57201623916626 31
1725215738372 7.790492534637451 32
1725215756311 8.591507911682129 33
1725215775253 6.88389778137207 34
1725215793222 7.424851417541504 35
1725215811272 9.664911270141602 36
1725215830339 8.496797561645508 37
1725215851034 9.708845138549805 38
1725215871079 8.209967613220215 39
1725215889566 8.60297966003418 40
1725215908562 8.715742111206055 41
1725215926157 9.254013061523438 42
1725215944665 8.971762657165527 43
1725215973084 8.81824779510498 44
1725216002239 8.847169876098633 45
1725216032429 10.411199569702148 46
1725216063809 8.883149147033691 47
1725216093879 9.444853782653809 48
1725216123947 9.78751277923584 49
1725216154565 8.780115127563477 50
1725216185471 9.268858909606934 51
1725216215534 8.468147277832031 52
