1725215139881 19.965219497680664 0
1725215158042 15.467463493347168 1
1725215175807 15.559618949890137 2
1725215193838 13.761275291442871 3
1725215211765 12.47031021118164 4
1725215230534 10.663617134094238 5
1725215248106 9.627703666687012 6
1725215265878 11.755559921264648 7
1725215284296 10.222707748413086 8
1725215302043 8.823175430297852 9
1725215320430 9.101520538330078 10
1725215338108 9.51125717163086 11
1725215355892 8.560145378112793 12
1725215373338 8.475966453552246 13
1725215390653 9.37762451171875 14
1725215408641 9.457475662231445 15
1725215427205 11.498745918273926 16
1725215448345 9.701889991760254 17
1725215471975 9.706160545349121 18
1725215489535 9.032248497009277 19
1725215507259 9.63657283782959 20
1725215524530 9.101390838623047 21
1725215541871 8.72921085357666 22
1725215560482 8.540975570678711 23
1725215581228 9.989787101745605 24
1725215602374 8.639596939086914 25
1725215620432 9.616909980773926 26
1725215639687 8.866745948791504 27
1725215658665 8.612861633300781 28
1725215676626 8.881967544555664 29
1725215698139 9.316278457641602 30
1725215717846 9.053367614746094 31
1725215738372 9.363043785095215 32
1725215756311 10.324207305908203 33
1725215775253 8.563436508178711 34
1725215793222 9.195491790771484 35
1725215811272 11.26221752166748 36
1725215830339 10.295019149780273 37
1725215851034 11.696059226989746 38
1725215871079 10.099041938781738 39
1725215889566 10.448624610900879 40
1725215908562 10.569145202636719 41
1725215926157 11.2371187210083 42
1725215944665 10.934398651123047 43
1725215973084 10.89954662322998 44
1725216002239 10.670899391174316 45
1725216032429 12.47608470916748 46
1725216063809 10.48104476928711 47
1725216093879 10.791683197021484 48
1725216123947 11.009417533874512 49
1725216154565 10.282294273376465 50
1725216185471 10.775599479675293 51
1725216215534 9.918956756591797 52
